state,clinton,trump,johnson,stein,mcmullin,others,winner,variable,value
Alabama,34.35794575797364,62.08309236440906,2.0941690857748902,0.4422682412690758,0,1.0225245505733334,trumpwin,population,4779736
Alabama,34.35794575797364,62.08309236440906,2.0941690857748902,0.4422682412690758,0,1.0225245505733334,trumpwin,electoral_votes,9
Alaska,36.550871290111985,51.281512077537286,5.877128006829709,1.8000175764575905,0,4.490471049063426,trumpwin,population,710231
Alaska,36.550871290111985,51.281512077537286,5.877128006829709,1.8000175764575905,0,4.490471049063426,trumpwin,electoral_votes,3
Arizona,44.58041884209706,48.083144920809154,4.082188172953291,1.3185997234952624,0.6699154629573106,1.265732877687926,trumpwin,population,6392017
Arizona,44.58041884209706,48.083144920809154,4.082188172953291,1.3185997234952624,0.6699154629573106,1.265732877687926,trumpwin,electoral_votes,11
Arkansas,33.651903816831705,60.571905656439164,2.648769408743088,0.8378173765075053,1.1653205692877535,1.1242831721907955,trumpwin,population,2915918
Arkansas,33.651903816831705,60.571905656439164,2.648769408743088,0.8378173765075053,1.1653205692877535,1.1242831721907955,trumpwin,electoral_votes,6
California,61.726399604557884,31.617106538439433,3.374091560222951,1.9649200248632117,0.2792069580325767,1.038275313883946,clintonwin,population,37253956
California,61.726399604557884,31.617106538439433,3.374091560222951,1.9649200248632117,0.2792069580325767,1.038275313883946,clintonwin,electoral_votes,55
Colorado,48.156512712719405,43.25097734122184,5.18374806267213,1.3825030653751267,1.0400874454679747,0.9861713725435187,clintonwin,population,5029196
Colorado,48.156512712719405,43.25097734122184,5.18374806267213,1.3825030653751267,1.0400874454679747,0.9861713725435187,clintonwin,electoral_votes,9
Connecticut,54.56630109670987,40.92691437881478,2.9591712666877417,1.3885781679352187,0.12815212897891692,0.03088296087347713,clintonwin,population,3574097
Connecticut,54.56630109670987,40.92691437881478,2.9591712666877417,1.3885781679352187,0.12815212897891692,0.03088296087347713,clintonwin,electoral_votes,7
Delaware,53.08597745902562,41.71274452811313,3.325041571469129,1.3751256156858505,0.1590756488078339,0.3420351768984304,clintonwin,population,897934
Delaware,53.08597745902562,41.71274452811313,3.325041571469129,1.3751256156858505,0.1590756488078339,0.3420351768984304,clintonwin,electoral_votes,3
District of Columbia,90.86382152999987,4.087474459308377,1.576133749694797,1.3679530179780768,0,2.1046172430188776,clintonwin,population,601723
District of Columbia,90.86382152999987,4.087474459308377,1.576133749694797,1.3679530179780768,0,2.1046172430188776,clintonwin,electoral_votes,3
Florida,47.82331580580505,49.021941416590735,2.1978996052988737,0.683638358609768,0,0.27320481369556965,trumpwin,population,19687653
Florida,47.82331580580505,49.021941416590735,2.1978996052988737,0.683638358609768,0,0.27320481369556965,trumpwin,electoral_votes,29
Georgia,45.63998335736082,50.771326054771,3.0453016138110574,0.18650060319845863,0.31635110135969974,0.04053726949896129,trumpwin,population,9920000
Georgia,45.63998335736082,50.771326054771,3.0453016138110574,0.18650060319845863,0.31635110135969974,0.04053726949896129,trumpwin,electoral_votes,16
Hawaii,62.22149173421738,30.038677008511737,3.719427328488799,2.9694337396867136,0,1.0509701890953684,clintonwin,population,1360301
Hawaii,62.22149173421738,30.038677008511737,3.719427328488799,2.9694337396867136,0,1.0509701890953684,clintonwin,electoral_votes,4
Idaho,27.492013820979206,59.26143236919689,4.104425176202998,1.2308494686746203,6.7331638307581985,1.17811533418809,trumpwin,population,1567582
Idaho,27.492013820979206,59.26143236919689,4.104425176202998,1.2308494686746203,6.7331638307581985,1.17811533418809,trumpwin,electoral_votes,4
Illinois,55.8253666987933,38.761753073825275,3.785764963088087,1.3872131180704368,0.2105149461096188,0.02938720011328612,clintonwin,population,12830632
Illinois,55.8253666987933,38.761753073825275,3.785764963088087,1.3872131180704368,0.2105149461096188,0.02938720011328612,clintonwin,electoral_votes,20
Indiana,37.774839686752046,56.94003344841128,4.899270848034961,0.2866954446832456,0,0.09916057211847495,trumpwin,population,6483802
Indiana,37.774839686752046,56.94003344841128,4.899270848034961,0.2866954446832456,0,0.09916057211847495,trumpwin,electoral_votes,11
Iowa,41.740489172947406,51.147327224046016,3.779363243767205,0.7329995383233154,0.7896395409797123,1.8101812799363488,trumpwin,population,3046355
Iowa,41.740489172947406,51.147327224046016,3.779363243767205,0.7329995383233154,0.7896395409797123,1.8101812799363488,trumpwin,electoral_votes,6
Kansas,36.05237073223449,56.65458180583958,4.677972512711056,1.9846302184562337,0.5504887698602333,0.07995596089841117,trumpwin,population,2853118
Kansas,36.05237073223449,56.65458180583958,4.677972512711056,1.9846302184562337,0.5504887698602333,0.07995596089841117,trumpwin,electoral_votes,6
Kentucky,32.68218833364776,62.519638551900094,2.7935466536115445,0.7230729013189727,1.1838999994283186,0.09765356009331917,trumpwin,population,4339367
Kentucky,32.68218833364776,62.519638551900094,2.7935466536115445,0.7230729013189727,1.1838999994283186,0.09765356009331917,trumpwin,electoral_votes,8
Louisiana,38.44956609851397,58.0886846535688,1.8717299677875954,0.6915120116390475,0.42123534769289,0.47727192079770064,trumpwin,population,4533372
Louisiana,38.44956609851397,58.0886846535688,1.8717299677875954,0.6915120116390475,0.42123534769289,0.47727192079770064,trumpwin,electoral_votes,8
Maine,47.830202680208096,44.86975333154171,5.094748551663464,1.9053998585423444,0.25229734987505464,0.047598228169326684,clintonwin,population,1328361
Maine,47.830202680208096,44.86975333154171,5.094748551663464,1.9053998585423444,0.25229734987505464,0.047598228169326684,clintonwin,electoral_votes,2
Maryland,60.32574423519277,33.90930472854767,2.862000556545049,1.2923134225866688,0.34622279202975714,1.264414265098082,clintonwin,population,5773552
Maryland,60.32574423519277,33.90930472854767,2.862000556545049,1.2923134225866688,0.34622279202975714,1.264414265098082,clintonwin,electoral_votes,10
Massachusetts,60.00506459158761,32.808358140007684,4.150859867803333,1.4333937034254565,0.08177330479036982,1.520550392385549,clintonwin,population,6547629
Massachusetts,60.00506459158761,32.808358140007684,4.150859867803333,1.4333937034254565,0.08177330479036982,1.520550392385549,clintonwin,electoral_votes,11
Michigan,47.27453095086684,47.49756421999615,3.586701683001048,1.0723057856130207,0.17037958162092512,0.39851777890201956,trumpwin,population,9883640
Michigan,47.27453095086684,47.49756421999615,3.586701683001048,1.0723057856130207,0.17037958162092512,0.39851777890201956,trumpwin,electoral_votes,16
Minnesota,46.44491857377701,44.92478809350543,3.836304716122892,1.255937134208522,1.8023555315736517,1.7356959508124965,clintonwin,population,5303925
Minnesota,46.44491857377701,44.92478809350543,3.836304716122892,1.255937134208522,1.8023555315736517,1.7356959508124965,clintonwin,electoral_votes,10
Mississippi,40.11478827178409,57.94103808883564,1.1936094966167972,0.3085110517407184,0,0.4420530910227501,trumpwin,population,2967297
Mississippi,40.11478827178409,57.94103808883564,1.1936094966167972,0.3085110517407184,0,0.4420530910227501,trumpwin,electoral_votes,6
Missouri,38.13523083523671,56.77234783816165,3.466453986943696,0.9050400465711625,0.2517619957238558,0.4691652973629257,trumpwin,population,5988927
Missouri,38.13523083523671,56.77234783816165,3.466453986943696,0.9050400465711625,0.2517619957238558,0.4691652973629257,trumpwin,electoral_votes,10
Montana,35.745765337013,56.16849744642932,5.639579440286274,1.60314755997723,0.46203637958189425,0.38097383671228024,trumpwin,population,989415
Montana,35.745765337013,56.16849744642932,5.639579440286274,1.60314755997723,0.46203637958189425,0.38097383671228024,trumpwin,electoral_votes,3
Nebraska,33.69875637713554,58.74735112712576,4.613214218450725,1.0394123855313795,0,1.901265891756601,trumpwin,population,1826341
Nebraska,33.69875637713554,58.74735112712576,4.613214218450725,1.0394123855313795,0,1.901265891756601,trumpwin,electoral_votes,2
Nevada,47.91782367811904,45.50069531760242,3.321885399218934,0,0,3.2595956050596016,clintonwin,population,2700551
Nevada,47.91782367811904,45.50069531760242,3.321885399218934,0,0,3.2595956050596016,clintonwin,electoral_votes,6
New Hampshire,46.82626266969056,46.458666981953414,4.135048421595709,0.8727710480776465,0.1429538785644421,1.5642970001182324,clintonwin,population,1316470
New Hampshire,46.82626266969056,46.458666981953414,4.135048421595709,0.8727710480776465,0.1429538785644421,1.5642970001182324,clintonwin,electoral_votes,4
New Jersey,55.4530844496942,41.35038665002945,1.870834781001568,0.9750013293595378,0,0.3506927899152463,clintonwin,population,8791894
New Jersey,55.4530844496942,41.35038665002945,1.870834781001568,0.9750013293595378,0,0.3506927899152463,clintonwin,electoral_votes,14
New Mexico,48.255647178634106,40.04251433324272,9.337244885816322,1.2374752448582584,0.7296581942807324,0.3974601631678565,clintonwin,population,2059179
New Mexico,48.255647178634106,40.04251433324272,9.337244885816322,1.2374752448582584,0.7296581942807324,0.3974601631678565,clintonwin,electoral_votes,5
New York,59.00604458772203,36.515588452069835,2.287108397862423,1.397845716343802,0.134340000515447,0.6590728454864648,clintonwin,population,19378102
New York,59.00604458772203,36.515588452069835,2.287108397862423,1.397845716343802,0.134340000515447,0.6590728454864648,clintonwin,electoral_votes,29
North Carolina,46.172866168209474,49.828094696180415,2.744368735716738,0.2552955100890761,0,0.9993748898042925,trumpwin,population,9535483
North Carolina,46.172866168209474,49.828094696180415,2.744368735716738,0.2552955100890761,0,0.9993748898042925,trumpwin,electoral_votes,15
North Dakota,27.226739458706007,62.9556278313393,6.224300151004762,1.0976884655592984,0,2.4956440933906374,trumpwin,population,672591
North Dakota,27.226739458706007,62.9556278313393,6.224300151004762,1.0976884655592984,0,2.4956440933906374,trumpwin,electoral_votes,3
Ohio,43.55807627672002,51.68765067578619,3.174718688500491,0.841828607981789,0.22876429981550034,0.5089614511960093,trumpwin,population,11536504
Ohio,43.55807627672002,51.68765067578619,3.174718688500491,0.841828607981789,0.22876429981550034,0.5089614511960093,trumpwin,electoral_votes,18
Oklahoma,28.931680284543894,65.32286481962736,5.745454895828745,0,0,0,trumpwin,population,3751351
Oklahoma,28.931680284543894,65.32286481962736,5.745454895828745,0,0,0,trumpwin,electoral_votes,7
Oregon,50.07185200286208,39.094035184496754,4.708404785603217,2.4984310480598957,0,3.6272769789780424,clintonwin,population,3831074
Oregon,50.07185200286208,39.094035184496754,4.708404785603217,2.4984310480598957,0,3.6272769789780424,clintonwin,electoral_votes,7
Pennsylvania,47.464949189665425,48.183336312285924,2.3796208501595495,0.810010188991024,0.10497158533369189,1.0571118735643854,trumpwin,population,12702379
Pennsylvania,47.464949189665425,48.183336312285924,2.3796208501595495,0.810010188991024,0.10497158533369189,1.0571118735643854,trumpwin,electoral_votes,20
Rhode Island,54.40660657037471,38.898057499396735,3.1770312661587785,1.3401013478575614,0.11117239477403565,2.067030921438174,clintonwin,population,1052567
Rhode Island,54.40660657037471,38.898057499396735,3.1770312661587785,1.3401013478575614,0.11117239477403565,2.067030921438174,clintonwin,electoral_votes,4
South Carolina,40.67341978966509,54.93933268569543,2.3396751444465522,0.6197733077131202,0.9993214542656846,0.4284776182141266,trumpwin,population,4625364
South Carolina,40.67341978966509,54.93933268569543,2.3396751444465522,0.6197733077131202,0.9993214542656846,0.4284776182141266,trumpwin,electoral_votes,9
South Dakota,31.737428159948987,61.5307503789588,5.63371909222817,0,0,1.0981023688640423,trumpwin,population,814180
South Dakota,31.737428159948987,61.5307503789588,5.63371909222817,0,0,1.0981023688640423,trumpwin,electoral_votes,3
Tennessee,34.71633279865009,60.722033694214616,2.8068677091594307,0.6376725609413295,0.47810490078456097,0.6389883362499686,trumpwin,population,6346105
Tennessee,34.71633279865009,60.722033694214616,2.8068677091594307,0.6376725609413295,0.47810490078456097,0.6389883362499686,trumpwin,electoral_votes,11
Texas,43.23525798101196,52.234685579335384,3.160718661788654,0.7978168907774206,0.47234845013382426,0.09917243695275377,trumpwin,population,25145561
Texas,43.23525798101196,52.234685579335384,3.160718661788654,0.7978168907774206,0.47234845013382426,0.09917243695275377,trumpwin,electoral_votes,38
Utah,27.4587027036582,45.53803593682331,3.500702650627966,0.8341656134272558,21.538230381022245,1.1301627144410171,trumpwin,population,2763885
Utah,27.4587027036582,45.53803593682331,3.500702650627966,0.8341656134272558,21.538230381022245,1.1301627144410171,trumpwin,electoral_votes,6
Vermont,56.67778599472493,30.269434755147316,3.1986847242015193,2.144940599935887,0.20281400464028285,7.506339921350063,clintonwin,population,625741
Vermont,56.67778599472493,30.269434755147316,3.1986847242015193,2.144940599935887,0.20281400464028285,7.506339921350063,clintonwin,electoral_votes,3
Virginia,49.72789199301014,44.40669663012711,2.968254776916608,0.6936150423966485,1.3565622513100961,0.8469793062393984,clintonwin,population,8001024
Virginia,49.72789199301014,44.40669663012711,2.968254776916608,0.6936150423966485,1.3565622513100961,0.8469793062393984,clintonwin,electoral_votes,13
Washington,52.53868006182659,36.83268018663746,4.850107883011825,1.7611294960927268,0,4.017402372431391,clintonwin,population,6724540
Washington,52.53868006182659,36.83268018663746,4.850107883011825,1.7611294960927268,0,4.017402372431391,clintonwin,electoral_votes,12
West Virginia,26.426080907249627,68.49877453553427,3.21994112731533,1.1302827596535945,0.15453029927647907,0.5703903709706994,trumpwin,population,1852994
West Virginia,26.426080907249627,68.49877453553427,3.21994112731533,1.1302827596535945,0.15453029927647907,0.5703903709706994,trumpwin,electoral_votes,5
Wisconsin,46.45384137224266,47.21818456731012,3.584295146413991,1.0440333988542245,0.39833341733447575,1.3013120978445307,trumpwin,population,5686986
Wisconsin,46.45384137224266,47.21818456731012,3.584295146413991,1.0440333988542245,0.39833341733447575,1.3013120978445307,trumpwin,electoral_votes,10
Wyoming,21.877357347497938,68.17263307654125,5.193297609136639,0.9830016924045042,0,3.7737102744196775,trumpwin,population,563626
Wyoming,21.877357347497938,68.17263307654125,5.193297609136639,0.9830016924045042,0,3.7737102744196775,trumpwin,electoral_votes,3
